image_width: 2048
image_height: 1536
camera_name: camera_b
camera_matrix:
  rows: 3
  cols: 3
  data: [1500.29799362756, 0.000000, 1057.71094620565, 0.000000, 1503.70592312541, 643.664480006570, 0.000000, 0.000000, 1.000000]
distortion_model: plumb_bob
distortion_coefficients:
  rows: 1
  cols: 4
  data: [-0.318144425051613, 0.170904935513856, -0.0703787978713684, 0]
rectification_matrix:
  rows: 3
  cols: 3
  data: [1.0, 0.0, 0.0, 0.0, 1.0, 0.0, 0.0, 0.0, 1]
projection_matrix:
  rows: 3
  cols: 4
  data: [1520.10968609530,210.936906415154, 1007.18353796982, 646273.231771739, -102.527980122473, 1552.18296840080, 505.619928368189, 52089.6219939977, 0.0234696439746667, 0.0919562996977292, 0.995486421181928, 951.298214954004]
